k n dp ps p V Re Cd
0.2648 0.7529 0.0015 2260 1000 0.0119 0.1125 174.572
0.2648 0.7529 0.0021 2727 1000 0.0361 0.5678 35.534
0.2648 0.7529 0.0023 2449 1000 0.0409 0.7234 26.059
0.2648 0.7529 0.0030 2609 1000 0.0664 1.6292 14.463
0.2648 0.7529 0.0035 2572 1000 0.0802 2.2735 11.029
0.0353 0.8724 0.0015 2260 1000 0.0440 2.8774 12.769
0.0165 0.9198 0.0015 2260 1000 0.0597 7.3105 6.936
0.0353 0.8724 0.0021 2727 1000 0.1008 9.6228 4.558
0.0353 0.8724 0.0023 2449 1000 0.1119 11.9690 3.481
0.0165 0.9198 0.0021 2727 1000 0.1275 22.1153 2.849
0.0353 0.8724 0.0030 2609 1000 0.1592 22.6541 2.516
0.0165 0.9198 0.0023 2449 1000 0.1403 27.2608 2.215
0.0353 0.8724 0.0035 2572 1000 0.1825 29.5950 2.130
0.0165 0.9198 0.0030 2609 1000 0.1950 50.1299 1.677
0.0165 0.9198 0.0035 2572 1000 0.2196 64.2225 1.471
0.5940 0.5610 0.0030 2500 1000 0.0314 0.4446 59.698
0.5940 0.5610 0.0050 2500 1000 0.0881 2.6131 12.639
0.5940 0.5610 0.0070 2500 1000 0.1594 7.4079 5.405
0.1690 0.6250 0.0030 2500 999 0.1213 8.6137 4.007
0.1770 0.6020 0.0050 2500 999 0.1972 24.0244 2.527
0.1690 0.6250 0.0050 2500 999 0.2524 32.4644 1.542
0.0675 0.6290 0.0030 2500 1000 0.2049 43.6445 1.402
0.1770 0.6020 0.0070 2500 999 0.3031 53.6535 1.497
0.1690 0.6250 0.0070 2500 999 0.3734 68.6443 0.987
0.0299 0.7190 0.0030 2500 997 0.2673 94.4191 0.828
0.0675 0.6290 0.0050 2500 1000 0.4051 153.2203 0.598
0.0166 0.7510 0.0030 2500 998 0.3054 174.1574 0.633
0.0299 0.7190 0.0050 2500 997 0.4391 257.4585 0.511
0.0675 0.6290 0.0070 2500 1000 0.5235 269.0901 0.501
0.0299 0.7190 0.0070 2500 997 0.5196 406.8381 0.511
0.0166 0.7510 0.0050 2500 998 0.4437 407.5338 0.500
0.0166 0.7510 0.0070 2500 998 0.6035 770.4722 0.378
0.0521 0.7300 0.0008 2470 1000 0.0306 1.2458 16.222
0.0471 0.7300 0.0008 2470 1000 0.0392 1.8888 9.885
0.0521 0.7300 0.0011 2900 1000 0.0718 4.7792 5.447
0.0521 0.7300 0.0011 2900 1000 0.0818 5.6399 4.197
0.0521 0.7300 0.0030 1470 1000 0.0734 9.9022 3.366
0.0466 0.7300 0.0030 1470 1000 0.0887 14.0750 2.305
0.0521 0.7300 0.0059 1170 1000 0.0829 19.2645 1.922
0.0462 0.7300 0.0059 1170 1000 0.1013 28.0121 1.287
9.1673 0.1714 0.0050 7949 1014.406 0.1200 0.9242 31.047
19.7360 0.0623 0.0070 7744 1000 0.1900 1.4891 17.105
19.7360 0.0623 0.0100 7796 1000 0.4100 6.7582 5.288
19.7360 0.0623 0.0120 7730 1000 0.4200 7.1622 5.988
4.9100 0.2075 0.0050 7949 1000 0.3200 8.7991 4.438
9.1673 0.1714 0.0070 7744 1014.406 0.4400 10.5351 3.137
11.4890 0.0614 0.0050 7949 1032.413 0.4000 10.9860 2.738
16.1350 0.1580 0.0100 7796 1044.418 0.6100 12.5801 2.272
4.0029 0.2867 0.0120 7730 1026.411 0.3800 13.7496 7.099
11.2000 0.1113 0.0100 7796 1034.814 0.5800 19.7802 2.540
16.1350 0.1580 0.0120 7730 1044.418 0.8000 21.3357 1.570
4.0029 0.2867 0.0100 7796 1026.411 0.5800 26.9295 2.564
11.2000 0.1113 0.0120 7730 1034.814 0.7100 29.5753 2.015
9.1673 0.1714 0.0100 7796 1014.406 0.7500 29.6966 1.555
4.9100 0.2075 0.0070 7744 1000.000 0.6600 34.5389 1.418
6.5705 0.0796 0.0050 7949 1020.408 0.6100 39.4240 1.193
11.4890 0.0614 0.0070 7744 1032.413 0.7900 41.9566 0.954
9.1673 0.1714 0.0120 7730 1014.406 1.0000 51.8492 1.039
11.4890 0.0614 0.0100 7796 1032.413 1.0800 78.6261 0.735
4.9100 0.2075 0.0100 7796 1000.000 1.0600 86.9519 0.791
6.5705 0.0796 0.0070 7744 1020.408 0.9100 87.2948 0.729
11.4890 0.0614 0.0120 7730 1032.413 1.1800 94.4025 0.731
6.5705 0.0796 0.0100 7796 1020.408 0.9800 103.5443 0.904
4.9100 0.2075 0.0120 7730 1000.000 1.2100 114.4831 0.721
6.5705 0.0796 0.0120 7730 1020.408 1.2400 165.0765 0.671
0.0010 1 0.0032 2506 995.629 0.3692 1161.5720 0.460
0.0010 1 0.0022 2668 997.066 0.2935 655.5112 0.570
0.0010 1 0.0012 2314 1003.903 0.1763 215.9254 0.670
0.0010 1 0.0026 11444 989.056 1.0660 2772.8972 0.320
0.1350 1 0.0032 2506 1227.110 0.0420 1.2064 24.420
0.1350 1 0.0022 2668 1238.396 0.0232 0.4767 62.840
0.1350 1 0.0012 2314 1227.003 0.0072 0.0798 272.700
0.1350 1 0.0026 11444 1226.688 0.1848 4.4163 8.390
0.1350 1 0.0031 7859 1226.493 0.1656 4.6489 7.970
0.1152 0.7449 0.0032 2506 999.591 0.1282 9.0398 3.790
0.1152 0.7449 0.0022 2668 999.944 0.0835 4.0860 7.010
0.1152 0.7449 0.0012 2314 999.985 0.0321 0.7828 20.350
0.1152 0.7449 0.0026 11444 998.131 0.4657 39.7432 1.660
0.0865 0.8610 0.0032 2506 999.592 0.1031 6.1128 5.860
0.0865 0.8610 0.0022 2668 1000.211 0.0637 2.6282 12.040
0.0865 0.8610 0.0012 2314 999.984 0.0225 0.4760 41.420
0.0865 0.8610 0.0026 11444 999.089 0.3855 23.4289 2.420
0.0865 0.8610 0.0031 7859 999.826 0.3399 23.3385 2.400
0.0849 0.9099 0.0032 2506 999.835 0.0820 4.0910 9.260
0.0849 0.9099 0.0022 2668 999.922 0.0493 1.7180 20.110
0.0849 0.9099 0.0012 2314 1000.004 0.0164 0.2978 77.960
0.0849 0.9099 0.0026 11444 999.267 0.3286 15.7112 3.330
0.0849 0.9099 0.0031 7859 999.073 0.2828 15.4439 3.470